"Zona","Zona 1","Zona 2","Zona 3","Zona 4","Zona 5","Zona 6"
"Zona 1","0","25","12","22","9","30"
"Zona 2","25","0","26","11","20","14"
"Zona 3","12","26","0","58","16","19"
"Zona 4","22","11","58","0","53","15"
"Zona 5","9","20","16","53","0","13"
"Zona 6","30","14","19","15","13","0"
